epoch	loss	train_accuracy	validation
250	0.8003	0.9978	0.7200
249	0.8229	0.9956	0.7200
248	0.7552	0.9978	0.7300
247	1.0746	0.9933	0.7300
246	0.9183	0.9978	0.7300
245	1.1679	0.9978	0.7100
244	0.8491	0.9978	0.7200
243	0.7474	0.9978	0.7000
242	0.8281	0.9978	0.7300
241	0.7401	0.9978	0.7300
240	1.0925	0.9933	0.7300
239	0.9769	0.9956	0.7000
238	0.8489	0.9978	0.7300
237	0.7338	0.9978	0.7300
236	1.0056	0.9956	0.7300
235	0.8915	0.9978	0.7100
234	1.1269	0.9956	0.7400
233	0.7781	0.9978	0.7300
232	0.8355	0.9956	0.7200
231	0.9682	0.9978	0.7100
230	0.8733	0.9978	0.7200
229	0.9851	0.9956	0.7300
228	1.1173	0.9956	0.7300
227	0.9533	0.9956	0.7300
226	0.9306	0.9978	0.7100
225	1.2639	0.9956	0.7300
224	1.1668	0.9956	0.7200
223	0.8385	0.9978	0.7200
222	0.8682	0.9978	0.7300
221	0.8833	0.9978	0.7000
220	1.0766	0.9933	0.7000
219	1.0754	0.9956	0.7000
218	1.3057	0.9911	0.7100
217	0.9462	0.9978	0.7200
216	0.9292	0.9978	0.7000
215	1.0665	0.9978	0.7200
214	0.9876	0.9978	0.7200
213	0.8844	0.9978	0.7200
212	1.1453	0.9933	0.7300
211	1.1834	0.9978	0.7000
210	1.0041	0.9956	0.7200
209	0.9886	0.9956	0.7000
208	0.8786	0.9978	0.7200
207	1.2427	0.9933	0.7200
206	0.9886	0.9978	0.7100
205	0.9628	0.9978	0.7300
204	0.9144	0.9978	0.7300
203	1.1617	0.9978	0.7200
202	1.3629	0.9911	0.7300
201	0.9618	0.9978	0.7300
200	1.0437	0.9978	0.7300
199	1.2589	0.9933	0.7200
198	1.0253	0.9978	0.7200
197	1.1511	0.9978	0.7300
196	1.0961	0.9978	0.7200
195	1.1421	0.9978	0.7000
194	1.1662	0.9978	0.7300
193	1.1916	0.9978	0.7000
192	1.1692	0.9978	0.7200
191	1.1774	0.9956	0.7300
190	1.0503	0.9978	0.7200
189	1.2596	0.9956	0.7200
188	1.0185	0.9978	0.7200
187	1.2363	0.9978	0.7200
186	1.0196	0.9978	0.7200
185	1.1802	0.9956	0.7200
184	1.5301	0.9933	0.7200
183	1.0967	0.9978	0.7200
182	1.3041	0.9933	0.7100
181	1.4998	0.9978	0.6800
180	1.2317	0.9956	0.7200
179	1.0872	0.9978	0.7300
178	1.1614	0.9978	0.7200
177	1.6301	0.9933	0.7200
176	1.4674	0.9933	0.7200
175	1.0589	0.9978	0.7200
174	1.3015	0.9956	0.7100
173	1.3113	0.9978	0.7200
172	1.1837	0.9956	0.7300
171	1.3463	0.9956	0.7100
170	1.1898	0.9978	0.7000
169	1.3265	0.9978	0.7100
168	1.4119	0.9956	0.6900
167	1.3512	0.9956	0.7300
166	1.4099	0.9978	0.7200
165	1.3127	0.9978	0.7200
164	1.6518	0.9978	0.6900
163	1.4288	0.9978	0.7200
162	1.4072	0.9956	0.7200
161	1.2176	0.9978	0.7000
160	1.5175	0.9978	0.7100
159	1.6797	0.9956	0.7200
158	1.3764	0.9978	0.7300
157	1.4347	0.9978	0.7200
156	1.5766	0.9956	0.7100
155	1.5169	0.9956	0.7100
154	1.5620	0.9978	0.7200
153	1.5671	0.9978	0.7000
152	1.5606	0.9978	0.7100
151	1.5050	0.9978	0.7200
150	1.5127	0.9978	0.7200
149	1.5612	0.9978	0.7100
148	1.6868	0.9978	0.7100
147	1.7050	0.9933	0.7200
146	1.7926	0.9956	0.7200
145	1.5688	0.9978	0.7200
144	2.0310	0.9956	0.7200
143	1.8123	0.9978	0.7100
142	1.8660	0.9956	0.7100
141	1.7704	0.9978	0.7200
140	1.7571	0.9978	0.7100
139	1.9521	0.9978	0.7100
138	2.0611	0.9956	0.7000
137	1.9264	0.9956	0.7500
136	1.8254	0.9978	0.7100
135	2.0676	0.9956	0.7100
134	2.0917	0.9933	0.7100
133	2.0914	0.9956	0.7100
132	2.4027	0.9889	0.7200
131	1.8628	0.9978	0.7100
130	1.8426	0.9978	0.7200
129	2.0341	0.9933	0.7200
128	1.8316	0.9978	0.7000
127	1.8884	0.9978	0.7100
126	2.1360	0.9978	0.7100
125	2.0813	0.9956	0.7000
124	2.2179	0.9956	0.7200
123	2.4095	0.9956	0.7200
122	2.4824	0.9956	0.7100
121	2.1449	0.9978	0.7000
120	2.4027	0.9933	0.7000
119	2.5947	0.9889	0.7200
118	2.3381	0.9956	0.7000
117	3.0588	0.9844	0.7100
116	2.5007	0.9933	0.7200
115	2.7807	0.9933	0.7200
114	2.5328	0.9956	0.7200
113	2.4057	0.9978	0.7200
112	2.4816	0.9956	0.7100
111	2.5890	0.9956	0.7200
110	2.4758	0.9978	0.7200
109	2.6840	0.9956	0.7200
108	2.8278	0.9911	0.7200
107	2.7883	0.9911	0.7000
106	2.7701	0.9956	0.6900
105	3.1584	0.9889	0.7100
104	3.2295	0.9844	0.7200
103	3.1598	0.9956	0.7200
102	3.1891	0.9933	0.7200
101	3.0292	0.9911	0.7200
100	3.5980	0.9844	0.7000
99	3.1600	0.9978	0.6900
98	3.1537	0.9956	0.7000
97	3.2420	0.9911	0.7000
96	3.3707	0.9844	0.7200
95	3.5588	0.9822	0.7000
94	3.4573	0.9911	0.7100
93	3.4044	0.9956	0.6900
92	3.6088	0.9911	0.7000
91	3.7856	0.9889	0.7100
90	4.1530	0.9889	0.6900
89	3.9438	0.9822	0.7100
88	4.0481	0.9889	0.7400
87	4.1294	0.9933	0.7000
86	4.0374	0.9867	0.7100
85	3.9984	0.9889	0.7000
84	4.0964	0.9889	0.7100
83	4.1555	0.9867	0.7100
82	4.8364	0.9822	0.7400
81	4.0726	0.9933	0.7100
80	4.3139	0.9867	0.7000
79	4.2626	0.9911	0.7100
78	4.6917	0.9822	0.7200
77	5.1393	0.9822	0.7100
76	4.7120	0.9800	0.7000
75	5.6760	0.9733	0.7300
74	4.8549	0.9733	0.7200
73	5.2433	0.9844	0.7400
72	5.2812	0.9844	0.7000
71	6.2289	0.9800	0.7000
70	6.0221	0.9756	0.7000
69	6.4331	0.9689	0.7400
68	5.7378	0.9822	0.7400
67	6.2044	0.9778	0.7400
66	6.4270	0.9689	0.7100
65	6.1471	0.9711	0.7000
64	7.1147	0.9444	0.7200
63	7.0812	0.9622	0.7700
62	6.6274	0.9733	0.7300
61	7.6589	0.9533	0.7200
60	7.6594	0.9600	0.7300
59	8.0066	0.9511	0.7300
58	7.7230	0.9578	0.7100
57	7.3728	0.9733	0.7300
56	8.4034	0.9667	0.7300
55	9.9103	0.9244	0.7300
54	8.6280	0.9578	0.7500
53	9.0182	0.9422	0.7300
52	9.7509	0.9400	0.7000
51	9.2071	0.9444	0.7400
50	9.5353	0.9489	0.6900
49	10.5977	0.9356	0.7400
48	10.0308	0.9289	0.7300
47	10.5661	0.9556	0.7300
46	11.2949	0.9267	0.7300
45	11.1841	0.9356	0.7500
44	11.6211	0.9311	0.7400
43	12.6211	0.9022	0.7300
42	12.8463	0.9156	0.7100
41	12.4956	0.9156	0.7200
40	13.5725	0.9000	0.7200
39	13.5101	0.9022	0.7200
38	13.7253	0.9089	0.7600
37	14.4092	0.8889	0.7600
36	14.8369	0.9044	0.7000
35	15.9414	0.8867	0.7100
34	15.4193	0.8822	0.7600
33	16.7272	0.8667	0.7000
32	16.8913	0.8622	0.7300
31	17.5725	0.8489	0.7000
30	17.9296	0.8356	0.7500
29	19.2089	0.8444	0.7000
28	19.2758	0.8244	0.6900
27	19.9047	0.8222	0.7200
26	20.0838	0.8244	0.6900
25	21.1065	0.8178	0.7000
24	21.6206	0.8000	0.7300
23	22.3249	0.8000	0.7000
22	23.7739	0.7600	0.7000
21	23.6589	0.7911	0.7000
20	24.7328	0.7400	0.6600
19	24.8074	0.7778	0.6500
18	25.4029	0.7378	0.6700
17	26.1095	0.7333	0.6900
16	26.7599	0.7289	0.6800
15	27.4711	0.7111	0.6500
14	27.7031	0.7178	0.6900
13	28.1689	0.7044	0.6500
12	28.6452	0.7067	0.6200
11	29.0242	0.6733	0.6800
10	29.5438	0.6711	0.6900
9	29.7917	0.6400	0.6800
8	29.9832	0.6289	0.6900
7	29.8852	0.6333	0.6400
6	30.5798	0.6044	0.6700
5	30.5120	0.5933	0.6400
4	30.8644	0.5822	0.6100
3	31.0906	0.5400	0.6100
2	31.2810	0.5333	0.5500
1	31.3775	0.4978	0.5600